DateTime,Open,High,Low,Close,Volume
2022-12-14,31020.0,33240.0,16920.0,18000.0,5292
2022-12-15,16140.0,18960.0,12600.0,13440.0,421
2022-12-16,11940.0,13380.0,10200.0,12720.0,245
2022-12-19,10860.0,11760.0,9720.0,10080.0,94
2022-12-20,10200.0,13740.0,7320.0,9600.0,749
2022-12-21,8940.0,12960.0,8280.0,10200.0,731
2022-12-22,9840.0,10980.0,9000.0,9960.0,147
2022-12-23,9660.0,9888.0,8520.0,8700.0,57
2022-12-27,8580.0,8640.0,7590.0,7920.0,37
2022-12-28,7800.0,7800.0,7200.0,7500.0,26
2022-12-29,6960.0,8568.0,6720.0,7500.0,46
2022-12-30,7440.0,7680.0,7320.0,7500.0,33
2023-01-03,7500.0,7740.0,7260.0,7740.0,33
2023-01-04,7620.0,9360.0,7440.0,8700.0,162
2023-01-05,8400.0,9300.0,8340.0,8820.0,61
2023-01-06,8460.0,9000.0,7770.0,8760.0,39
2023-01-09,8400.0,9300.0,8400.0,8760.0,33
2023-01-10,8850.0,8850.0,8220.0,8220.0,22
2023-01-11,8700.0,11640.0,8580.0,10560.0,722
2023-01-12,10440.0,10800.0,9000.0,9060.0,109
2023-01-13,8340.0,9540.0,8100.0,9420.0,64
2023-01-17,9240.0,11040.0,8940.0,10260.0,85
2023-01-18,10104.0,10440.0,9240.0,9720.0,55
2023-01-19,9300.0,9600.0,9000.0,9300.0,15
2023-01-20,9402.0,9720.0,9120.0,9720.0,54
2023-01-23,9600.0,9900.0,9420.0,9540.0,17
2023-01-24,9750.0,11100.0,9540.0,10080.0,63
2023-01-25,10080.0,10200.0,9660.0,10014.0,23
2023-01-26,16920.0,22500.0,14700.0,16440.0,18901
2023-01-27,16920.0,17760.0,15300.0,17400.0,1074
2023-01-30,16320.0,18300.0,16020.0,16380.0,330
2023-01-31,16080.0,16722.0,12300.0,12780.0,140
2023-02-01,12840.0,13128.0,11700.0,12480.0,76
2023-02-02,12180.0,13500.0,12180.0,13440.0,57
2023-02-03,13020.0,13200.0,11700.0,11940.0,50
2023-02-06,11940.0,13020.0,11820.0,12780.0,30
2023-02-07,12600.0,13680.0,12480.0,12660.0,80
2023-02-08,12720.0,12960.0,12060.0,12540.0,23
2023-02-09,12360.0,12570.0,10920.0,11040.0,44
2023-02-10,12060.0,12546.0,11400.0,11580.0,129
2023-02-13,11820.0,12840.0,11820.0,12480.0,91
2023-02-14,12300.0,12654.0,11880.0,12120.0,20
2023-02-15,12060.0,12360.0,11520.0,12360.0,19
2023-02-16,12240.0,12240.0,11880.0,12090.0,11
2023-02-17,12060.0,12180.0,11460.0,11580.0,8
2023-02-21,11220.0,11460.0,10260.0,10860.0,19
2023-02-22,10860.0,12000.0,10620.0,11760.0,50
2023-02-23,11940.0,13500.0,11400.0,13500.0,127
2023-02-24,13380.0,13380.0,11760.0,11760.0,31
2023-02-27,12060.0,12600.0,11820.0,12300.0,23
2023-02-28,12000.0,12240.0,10860.0,12060.0,24
2023-03-01,11880.0,13140.0,11820.0,13140.0,29
2023-03-02,12360.0,12780.0,11820.0,12660.0,22
2023-03-03,12300.0,12420.0,12180.0,12180.0,7
2023-03-06,12120.0,12420.0,11880.0,12300.0,9
2023-03-07,12240.0,12780.0,11760.0,12480.0,26
2023-03-08,12360.0,12540.0,12060.0,12540.0,13
2023-03-09,12180.0,12900.0,11460.0,12600.0,26
2023-03-10,12288.0,12600.0,12000.0,12420.0,18
2023-03-13,12120.0,13020.0,12060.0,12720.0,19
2023-03-14,12360.0,12720.0,12300.0,12360.0,7
2023-03-15,11820.0,12720.0,11820.0,12720.0,18
2023-03-16,12600.0,12720.0,12300.0,12600.0,6
2023-03-17,12300.0,12780.0,12240.0,12600.0,12
2023-03-20,12060.0,12480.0,12060.0,12360.0,13
2023-03-21,12420.0,12420.0,11400.0,12420.0,20
2023-03-22,12360.0,12600.0,12180.0,12300.0,21
2023-03-23,12300.0,12750.0,12120.0,12600.0,13
2023-03-24,12600.0,12720.0,12180.0,12720.0,10
2023-03-27,12600.0,12900.0,12300.0,12540.0,4
2023-03-28,12600.0,12720.0,12240.0,12480.0,5
2023-03-29,12780.0,12780.0,12240.0,12300.0,8
2023-03-30,12360.0,12600.0,12240.0,12300.0,8
2023-03-31,12120.0,12600.0,12120.0,12420.0,6
2023-04-03,12300.0,12420.0,12180.0,12420.0,8
2023-04-04,12300.0,12420.0,12168.0,12300.0,9
2023-04-05,12360.0,12420.0,12240.0,12300.0,9
2023-04-06,12300.0,12480.0,11940.0,12240.0,8
2023-04-10,12000.0,12600.0,12000.0,12360.0,8
2023-04-11,12300.0,12420.0,12180.0,12300.0,22
2023-04-12,12300.0,12540.0,12240.0,12480.0,8
2023-04-13,12300.0,12570.0,12300.0,12420.0,5
2023-04-14,12420.0,12900.0,12240.0,12300.0,5
2023-04-17,12480.0,12660.0,12300.0,12300.0,2
2023-04-18,12300.0,12480.0,12180.0,12480.0,6
2023-04-19,12300.0,12600.0,12300.0,12390.0,1
2023-04-20,12300.0,12840.0,12240.0,12840.0,57
2023-04-21,12600.0,12720.0,12300.0,12660.0,12
2023-04-24,12774.0,12780.0,12000.0,12360.0,10
2023-04-25,12300.0,12540.0,12060.0,12360.0,12
2023-04-26,12300.0,12510.0,11160.0,11220.0,11
2023-04-27,10980.0,11400.0,10980.0,11400.0,3
2023-04-28,11400.0,12300.0,10980.0,11760.0,5
2023-05-01,10200.0,16680.0,10200.0,15960.0,194
2023-05-02,15900.0,15900.0,10920.0,12000.0,48
2023-05-03,11820.0,12390.0,11100.0,11520.0,11
2023-05-04,11664.0,12060.0,11100.0,11460.0,10
2023-05-05,11760.0,11820.0,11220.0,11340.0,6
2023-05-08,11400.0,11538.0,10920.0,11100.0,5
2023-05-09,11580.0,12060.0,10860.0,11760.0,27
2023-05-10,11820.0,12600.0,11526.0,12480.0,10
2023-05-11,12300.0,12600.0,12000.0,12360.0,10
2023-05-12,12060.0,12600.0,12060.0,12540.0,8
2023-05-15,12420.0,13320.0,12306.0,12840.0,10
2023-05-16,12900.0,12900.0,12300.0,12840.0,8
2023-05-17,12720.0,13440.0,12660.0,12840.0,7
2023-05-18,12420.0,13020.0,12420.0,12840.0,5
2023-05-19,12660.0,14760.0,12660.0,13140.0,16
2023-05-22,13140.0,13500.0,12720.0,13080.0,6
2023-05-23,12960.0,14160.0,12900.0,13080.0,10
2023-05-24,12960.0,13500.0,12840.0,12960.0,7
2023-05-25,12840.0,14040.0,12780.0,13140.0,12
2023-05-26,12840.0,13440.0,12840.0,13020.0,5
2023-05-30,12900.0,14100.0,12894.0,13746.0,12
2023-05-31,13740.0,14700.0,13680.0,13908.0,8
2023-06-01,14760.0,15480.0,13920.0,14580.0,7
2023-06-02,13920.0,14220.0,13380.0,13560.0,6
2023-06-05,13800.0,14280.0,13440.0,13626.0,7
2023-06-06,13620.0,14190.0,13560.0,13806.0,4
2023-06-07,13620.0,14460.0,13620.0,14166.0,3
2023-06-08,14040.0,15300.0,13860.0,14910.0,12
2023-06-09,15000.0,16740.0,15000.0,15900.0,17
2023-06-12,15780.0,16680.0,15120.0,15540.0,5
2023-06-13,14880.0,15660.0,14820.0,15060.0,12
2023-06-14,15840.0,16560.0,14940.0,15420.0,8
2023-06-15,15420.0,15780.0,15060.0,15072.0,2
2023-06-16,14940.0,16140.0,14520.0,14700.0,3
2023-06-20,13920.0,14220.0,13020.0,13020.0,4
2023-06-21,14580.0,14880.0,13590.0,14046.0,4
2023-06-22,14220.0,14238.0,13860.0,14100.0,1
2023-06-23,13914.0,14280.0,13800.0,13872.0,2
2023-06-26,13680.0,14460.0,13680.0,13914.0,1
2023-06-27,14250.0,14280.0,13680.0,13740.0,1
2023-06-28,13680.0,14700.0,13680.0,13860.0,5
2023-06-29,14100.0,14100.0,13560.0,13560.0,1
2023-06-30,13800.0,13860.0,12600.0,13860.0,5
2023-07-03,13800.0,14160.0,13800.0,13980.0,1
2023-07-05,13800.0,14214.0,13500.0,13680.0,2
2023-07-06,13800.0,14220.0,13506.0,13920.0,1
2023-07-07,13800.0,14160.0,13740.0,13980.0,2
2023-07-10,13800.0,14040.0,13620.0,13920.0,1
2023-07-11,13800.0,13920.0,13800.0,13920.0,1
2023-07-12,13860.0,14400.0,13560.0,14280.0,3
2023-07-13,13980.0,14700.0,13920.0,14220.0,2
2023-07-14,13920.0,14394.0,13920.0,14100.0,1
2023-07-17,13920.0,14040.0,13740.0,13800.0,1
2023-07-18,13860.0,14280.0,13860.0,14040.0,1
2023-07-19,13800.0,14280.0,13800.0,14280.0,3
2023-07-20,13980.0,14220.0,13740.0,13920.0,2
2023-07-21,14100.0,14400.0,13740.0,13980.0,1
2023-07-24,13800.0,13980.0,13428.0,13920.0,1
2023-07-25,13800.0,13980.0,13800.0,13920.0,2
2023-07-26,14760.0,14760.0,13890.0,13968.0,2
2023-07-27,13920.0,14340.0,13800.0,14340.0,1
2023-07-28,13920.0,14700.0,13920.0,14160.0,1
2023-07-31,13800.0,14040.0,13800.0,13920.0,1
2023-08-01,13920.0,14460.0,13530.0,13860.0,2
2023-08-02,13800.0,15054.0,13800.0,14040.0,1
2023-08-03,13860.0,14160.0,13236.0,13800.0,3
2023-08-04,13920.0,13920.0,13560.0,13800.0,1
2023-08-07,13800.0,14100.0,13740.0,13740.0,1
2023-08-08,13920.0,13980.0,13716.0,13800.0,1
2023-08-09,13920.0,13920.0,13500.0,13806.0,2
2023-08-10,13860.0,13920.0,13740.0,13824.0,1
2023-08-11,13860.0,15300.0,13800.0,14940.0,4
2023-08-14,14400.0,14400.0,13980.0,14202.0,2
2023-08-15,14160.0,14280.0,13590.0,14040.0,1
2023-08-16,13950.0,14298.0,12300.0,14040.0,5
2023-08-17,13794.0,13860.0,13200.0,13800.0,2
2023-08-18,13800.0,14400.0,13590.0,13590.0,8
2023-08-21,13620.0,14220.0,13620.0,14040.0,1
2023-08-22,13620.0,14040.0,12828.0,13620.0,3
2023-08-23,13740.0,14940.0,13500.0,14088.0,4
2023-08-24,14340.0,15540.0,14220.0,15060.0,1
2023-08-25,14700.0,15420.0,14700.0,15300.0,1
2023-08-28,15396.0,16620.0,15300.0,15900.0,1
2023-08-29,16260.0,19620.0,16260.0,17880.0,27
2023-08-30,19080.0,21480.0,18240.0,19800.0,27
2023-08-31,20160.0,21000.0,18720.0,19530.0,10
2023-09-01,19080.0,19500.0,16800.0,17880.0,10
2023-09-05,18480.0,18480.0,17400.0,17760.0,3
2023-09-06,17700.0,18000.0,16320.0,16980.0,3
2023-09-07,17100.0,17100.0,15180.0,16440.0,2
2023-09-08,16020.0,16020.0,13800.0,14250.0,1
2023-09-11,13860.0,15540.0,12240.0,14100.0,4
2023-09-12,14100.0,20160.0,13398.0,17340.0,11
2023-09-13,17220.0,18540.0,16740.0,18540.0,2
2023-09-14,16800.0,18594.0,16800.0,18540.0,5
2023-09-15,18240.0,19800.0,16980.0,18720.0,11
2023-09-18,18720.0,21426.0,18720.0,21426.0,8
2023-09-19,21720.0,22080.0,20460.0,20748.0,3
2023-09-20,20880.0,22980.0,20850.0,22134.0,8
2023-09-21,22260.0,26220.0,22200.0,23760.0,23
2023-09-22,33060.0,59940.0,26520.0,28680.0,13441
2023-09-25,19980.0,20880.0,17220.0,18060.0,608
2023-09-26,15720.0,16380.0,13680.0,14100.0,202
2023-09-27,13260.0,13680.0,12480.0,12600.0,87
2023-09-28,12240.0,14460.0,11760.0,13680.0,128
2023-09-29,13800.0,18840.0,13440.0,17160.0,247
2023-10-02,16800.0,18420.0,15420.0,16200.0,79
2023-10-03,14520.0,16200.0,11400.0,12900.0,51
2023-10-04,12420.0,14034.0,12000.0,12660.0,29
2023-10-05,12360.0,12660.0,11118.0,11700.0,20
2023-10-06,11580.0,13080.0,11580.0,13080.0,19
2023-10-09,12420.0,13344.0,12420.0,12660.0,11
2023-10-10,12420.0,14940.0,12420.0,14520.0,48
2023-10-11,14760.0,15600.0,14352.0,15120.0,49
2023-10-12,14760.0,17760.0,14040.0,16896.0,94
2023-10-13,16860.0,26520.0,16860.0,25020.0,1286
2023-10-16,25620.0,28440.0,19200.0,20460.0,232
2023-10-17,20340.0,22860.0,18780.0,20340.0,119
2023-10-18,20340.0,21300.0,18660.0,20280.0,33
2023-10-19,20160.0,22740.0,19860.0,22620.0,35
2023-10-20,22500.0,23400.0,19980.0,20640.0,33
2023-10-23,20880.0,21750.0,18900.0,20340.0,27
2023-10-24,20400.0,20400.0,18360.0,18780.0,24
2023-10-25,18600.0,18600.0,17100.0,17820.0,305
2023-10-26,18000.0,18660.0,17160.0,18480.0,44
2023-10-27,18300.0,18780.0,17700.0,18540.0,40
2023-10-30,19020.0,24000.0,19020.0,22158.0,94
2023-10-31,21720.0,21900.0,19200.0,19680.0,29
2023-11-01,19680.0,19860.0,18360.0,18672.0,24
2023-11-02,19200.0,19686.0,17880.0,18480.0,39
2023-11-03,18480.0,20400.0,18000.0,19680.0,24
2023-11-06,19260.0,19560.0,18600.0,19560.0,25
2023-11-07,19260.0,21300.0,18924.0,20520.0,17
2023-11-08,20640.0,20940.0,18600.0,19680.0,21
2023-11-09,19200.0,19500.0,15000.0,15420.0,29
2023-11-10,15720.0,20880.0,14070.0,19740.0,48
2023-11-13,18900.0,19800.0,17694.0,19560.0,16
2023-11-14,20100.0,23784.0,19260.0,23100.0,44
2023-11-15,22680.0,23940.0,19380.0,23880.0,30
2023-11-16,23760.0,23760.0,21078.0,22620.0,22
2023-11-17,21150.0,25800.0,20160.0,24900.0,34
2023-11-20,24000.0,25440.0,23250.0,25440.0,11
2023-11-21,25680.0,29040.0,24630.0,28680.0,45
2023-11-22,28980.0,30720.0,27900.0,28860.0,33
2023-11-24,28260.0,31500.0,28134.0,31260.0,25
2023-11-27,30960.0,32070.0,29580.0,31440.0,16
2023-11-28,31020.0,31020.0,21786.0,22440.0,84
2023-11-29,22560.0,23340.0,18000.0,18420.0,59
2023-11-30,18660.0,18960.0,16800.0,18540.0,15
2023-12-01,18720.0,22380.0,18180.0,19800.0,23
2023-12-04,19740.0,19740.0,16920.0,17160.0,22
2023-12-05,18300.0,18540.0,14160.0,14520.0,31
2023-12-06,24780.0,64560.0,22380.0,57480.0,13186
2023-12-07,80100.0,93600.0,9360.0,12300.0,8290
2023-12-08,15000.0,16500.0,12480.0,13560.0,6333
2023-12-11,12480.0,12840.0,10374.0,10860.0,879
2023-12-12,10680.0,10980.0,9600.0,10080.0,458
2023-12-13,9600.0,12960.0,9360.0,12300.0,1202
2023-12-14,11640.0,12660.0,10320.0,10860.0,583
2023-12-15,10800.0,11100.0,9840.0,10140.0,275
2023-12-18,10080.0,10680.0,9900.0,10080.0,171
2023-12-19,9840.0,10074.0,9420.0,9660.0,220
2023-12-20,9420.0,9660.0,9000.0,9180.0,162
2023-12-21,9180.0,9840.0,8760.0,9540.0,199
2023-12-22,9540.0,10140.0,9240.0,9780.0,199
2023-12-26,9900.0,11880.0,5520.0,6780.0,2611
2023-12-27,6900.0,6900.0,4410.0,5100.0,2196
2023-12-28,5274.0,5382.0,4836.0,4980.0,462
2023-12-29,5064.0,5634.0,4800.0,5472.0,670
2024-01-02,5220.0,5262.0,4854.0,4980.0,326
2024-01-03,4860.0,4866.0,4260.0,4416.0,434
2024-01-04,4488.0,5040.0,4362.0,4566.0,370
2024-01-05,4398.0,5460.0,4320.0,5046.0,1127
2024-01-08,4860.0,4986.0,4638.0,4716.0,213
2024-01-09,4680.0,4842.0,4440.0,4578.0,188
2024-01-10,4560.0,4620.0,4380.0,4410.0,137
2024-01-11,4560.0,4680.0,4296.0,4638.0,179
2024-01-12,4680.0,4680.0,4182.0,4182.0,227
2024-01-16,4176.0,4200.0,3726.0,3786.0,438
2024-01-17,3906.0,3906.0,3360.0,3468.0,265
2024-01-18,3498.0,3720.0,3438.0,3456.0,118
2024-01-19,3360.0,3546.0,3060.0,3264.0,245
2024-01-22,3228.0,4020.0,3102.0,3702.0,222
2024-01-23,3720.0,3720.0,3210.0,3336.0,184
2024-01-24,3480.0,3660.0,3120.0,3192.0,310
2024-01-25,3186.0,3360.0,2886.0,2970.0,389
2024-01-26,3000.0,3000.0,2700.0,2754.0,279
2024-01-29,2730.0,2796.0,2520.0,2676.0,236
2024-01-30,2652.0,2652.0,2406.0,2484.0,282
2024-01-31,2526.0,2526.0,2220.0,2406.0,333
2024-02-01,2394.0,2472.0,2340.0,2454.0,134
2024-02-02,2370.0,2520.0,2352.0,2508.0,138
2024-02-05,2478.0,2490.0,2286.0,2340.0,167
2024-02-06,2358.0,2448.0,2232.0,2322.0,124
2024-02-07,2340.0,3780.0,2280.0,3420.0,8035
2024-02-08,5520.0,10140.0,5040.0,6240.0,21606
2024-02-09,4914.0,5118.0,3660.0,3756.0,3525
2024-02-12,3780.0,6420.0,3432.0,5400.0,8263
2024-02-13,4872.0,7080.0,4500.0,4956.0,5238
2024-02-14,5400.0,5940.0,4818.0,5190.0,1491
2024-02-15,5082.0,5208.0,4512.0,4872.0,879
2024-02-16,4620.0,5940.0,4620.0,5520.0,3237
2024-02-20,5520.0,5664.0,4842.0,4920.0,678
2024-02-21,4740.0,4902.0,4380.0,4536.0,499
2024-02-22,4662.0,4860.0,4380.0,4620.0,351
2024-02-23,4380.0,4416.0,3954.0,4146.0,460
2024-02-26,4140.0,4920.0,4050.0,4344.0,562
2024-02-27,4380.0,4560.0,4272.0,4386.0,301
2024-02-28,4434.0,4434.0,3516.0,3690.0,622
2024-02-29,3660.0,3726.0,3366.0,3390.0,424
2024-03-01,3282.0,3348.0,2958.0,3102.0,354
2024-03-04,3252.0,3306.0,2988.0,3054.0,253
2024-03-05,3084.0,3108.0,2736.0,2832.0,249
2024-03-06,2886.0,4254.0,2886.0,4032.0,2253
2024-03-07,3636.0,3888.0,3360.0,3492.0,557
2024-03-08,3600.0,3600.0,3300.0,3408.0,175
2024-03-11,3534.0,4098.0,3480.0,3600.0,473
2024-03-12,3600.0,3798.0,3438.0,3480.0,355
2024-03-13,3480.0,3612.0,3096.0,3222.0,545
2024-03-14,3420.0,3564.0,3054.0,3126.0,280
2024-03-15,3150.0,3222.0,3000.0,3060.0,187
2024-03-18,3030.0,3090.0,2820.0,2880.0,229
2024-03-19,2838.0,2868.0,2658.0,2724.0,192
2024-03-20,2784.0,3090.0,2580.0,2784.0,328
2024-03-21,2886.0,2886.0,2520.0,2550.0,441
2024-03-22,2814.0,3030.0,2166.0,2412.0,7908
2024-03-25,3828.0,3906.0,2502.0,2892.0,37521
2024-03-26,2616.0,2874.0,2400.0,2718.0,3102
2024-03-27,2526.0,2754.0,2472.0,2490.0,1016
2024-03-28,2436.0,2514.0,2292.0,2298.0,1374
2024-04-01,2238.0,2424.0,2142.0,2268.0,1160
2024-04-02,2244.0,2328.0,2148.0,2244.0,596
2024-04-03,2220.0,2468.4,2160.0,2406.0,704
2024-04-04,2400.0,2544.0,2208.0,2214.0,778
2024-04-05,2208.0,2304.0,2166.0,2226.0,297
2024-04-08,2232.0,2244.0,2100.0,2106.0,534
2024-04-09,2094.0,2100.0,1908.0,1926.0,500
2024-04-10,1872.0,1896.0,1758.0,1860.0,471
2024-04-11,1866.0,1866.0,1752.0,1818.0,260
2024-04-12,1812.0,1812.0,1668.0,1680.0,378
2024-04-15,1662.0,1680.0,1452.0,1488.0,424
2024-04-16,1398.0,1728.0,1350.0,1536.0,775
2024-04-17,1542.0,1542.0,1404.0,1416.0,310
2024-04-18,1440.0,1632.0,1410.0,1482.0,1954
2024-04-19,1398.0,1488.0,1386.0,1410.0,411
2024-04-22,1404.0,1440.0,1302.6,1431.0,393
2024-04-23,1410.0,1440.0,1368.0,1392.0,266
2024-04-24,1398.0,1656.0,1392.0,1554.0,1105
2024-04-25,1554.0,1554.0,1398.0,1482.0,587
2024-04-26,1500.0,1548.6,1446.0,1452.0,348
2024-04-29,1440.0,1602.0,1416.0,1476.0,1443
2024-04-30,1488.0,1560.0,1413.0,1488.0,308
2024-05-01,1458.0,1626.0,1448.4,1500.0,391
2024-05-02,1500.0,1524.0,1458.0,1476.0,171
2024-05-03,1500.0,1500.0,1434.0,1452.0,217
2024-05-06,1464.0,1680.0,1440.0,1542.0,1261
2024-05-07,1506.0,1524.0,1428.0,1464.0,348
2024-05-08,1446.0,1482.0,1404.0,1470.0,166
2024-05-09,1446.0,1530.0,1428.0,1488.0,148
2024-05-10,1500.0,1500.0,1326.0,1356.0,432
2024-05-13,1386.0,1419.0,1350.0,1362.0,316
2024-05-14,1476.0,1590.0,1440.0,1476.0,840
2024-05-15,1458.0,1512.0,1416.0,1470.0,308
2024-05-16,1482.0,1500.0,1422.0,1422.0,256
2024-05-17,1428.0,1530.0,1380.0,1440.0,413
2024-05-20,1428.0,1436.4,1380.0,1380.0,320
2024-05-21,1386.0,1392.0,1200.0,1224.0,544
2024-05-22,1254.0,1344.0,1164.0,1206.0,528
2024-05-23,1218.0,1218.0,1080.0,1140.0,566
2024-05-24,1140.0,1158.0,1098.0,1110.0,174
2024-05-28,1110.0,1164.0,1098.0,1164.0,230
2024-05-29,1146.0,1170.0,1110.0,1116.0,159
2024-05-30,1098.0,1112.4,1002.0,1044.0,374
2024-05-31,1026.0,1086.0,1014.0,1014.0,192
2024-06-03,1032.0,1032.0,936.0,936.0,257
2024-06-04,3060.0,9000.0,2784.0,7206.0,309673
2024-06-05,4686.0,5700.0,3867.0,4182.0,28846
2024-06-06,3294.0,4194.0,3270.0,3354.0,10030
2024-06-07,3156.0,3168.0,2400.0,2658.0,4380
2024-06-10,2730.0,3870.0,2631.0,2658.0,26943
2024-06-11,2610.0,2838.0,2310.0,2352.0,2836
2024-06-12,2370.0,2736.0,2328.0,2628.0,2405
2024-06-13,2586.0,2814.0,2484.0,2694.0,1309
2024-06-14,2688.0,2754.0,2406.0,2412.0,867
2024-06-17,2460.0,2544.0,2088.0,2130.0,1513
2024-06-18,3030.0,3126.0,1668.0,2448.0,46528
2024-06-20,2412.0,2526.0,2172.0,2442.0,2336
2024-06-21,2490.0,2514.0,2244.0,2316.0,1135
2024-06-24,3240.0,9000.0,3090.0,9000.0,225059
2024-06-25,7344.0,12912.0,6648.0,8814.0,60889
2024-06-26,9672.0,10548.0,6882.0,9948.0,23659
2024-06-27,10854.0,15288.0,9498.0,10296.0,38705
2024-06-28,10512.0,11994.0,9044.4,9786.0,10286
2024-07-01,9402.0,9552.0,6444.0,7776.0,8296
2024-07-02,7392.0,8460.0,6420.0,6444.0,4678
2024-07-03,6444.0,6864.0,5778.0,6204.0,3106
2024-07-05,6000.0,6677.94,4920.0,5058.0,4765
2024-07-08,5232.0,5556.0,3780.0,3840.0,5673
2024-07-09,4200.0,4200.0,3066.0,3306.0,7201
2024-07-10,3186.0,3240.0,2280.0,2484.0,8475
2024-07-11,2430.0,3516.0,2316.0,2412.0,34567
2024-07-12,2358.0,2484.0,1998.0,2064.0,9536
2024-07-15,2178.0,2188.8,1878.0,1974.0,10357
2024-07-16,1992.0,1998.0,1668.0,1704.0,10270
2024-07-17,2022.0,2034.0,1578.0,1686.0,35348
2024-07-18,1632.0,1644.0,1356.0,1428.0,15939
2024-07-19,1338.0,1770.0,1302.0,1602.0,25793
2024-07-22,1752.0,1782.0,1356.0,1434.0,30443
2024-07-23,1350.0,1374.0,1170.0,1242.0,19397
2024-07-24,1200.0,1200.0,1035.0,1074.0,15134
2024-07-25,1080.0,1428.0,1056.0,1188.0,37034
2024-07-26,1116.0,1164.0,972.0,1014.0,19855
2024-07-29,1014.0,1014.12,900.0,936.0,16835
2024-07-30,894.0,930.0,762.0,804.0,19143
2024-07-31,792.0,999.0,750.0,852.0,30155
2024-08-01,828.0,843.0,696.0,738.0,16975
2024-08-02,684.0,810.0,672.0,774.0,15652
2024-08-05,690.0,756.0,690.0,708.0,6507
2024-08-06,744.0,750.0,612.0,630.0,12557
2024-08-07,654.0,654.0,618.0,648.0,5836
2024-08-08,642.0,642.0,508.44,552.6,16085
2024-08-09,556.14,556.14,441.06,466.32,14306
2024-08-12,442.5,503.4,393.9,410.94,13104
2024-08-13,408.0,447.48,375.0,438.0,12158
2024-08-14,432.0,443.94,350.34,361.56,12381
2024-08-15,360.0,365.4,313.32,327.84,11799
2024-08-16,327.0,327.0,288.0,295.8,13260
2024-08-19,291.3,354.0,258.0,330.06,43174
2024-08-20,420.0,461.7,297.0,321.3,77636
2024-08-21,300.0,315.0,270.78,303.6,21777
2024-08-22,300.0,348.0,300.0,341.4,32234
2024-08-23,375.6,384.0,301.8,309.36,49556
2024-08-26,312.0,314.22,291.36,297.72,14070
2024-08-27,289.44,326.34,283.02,290.4,17816
2024-08-28,297.48,300.0,255.72,257.76,18045
2024-08-29,257.76,268.02,234.12,241.8,17275
2024-08-30,247.2,247.2,216.0,223.86,18958
2024-09-03,228.0,248.94,219.0,236.1,16526
2024-09-04,226.8,252.0,210.0,236.4,18170
2024-09-05,230.34,231.42,217.74,222.42,11426
2024-09-06,219.0,219.42,192.0,199.08,18630
2024-09-09,197.7,199.8,186.0,189.06,17759
2024-09-10,191.28,191.28,168.0,171.3,21257
2024-09-11,174.12,174.54,154.32,164.34,20339
2024-09-12,168.0,168.0,150.0,151.68,22667
2024-09-13,144.0,147.3,138.66,138.9,24185
2024-09-16,139.2,224.4,139.2,167.4,340526
2024-09-17,162.48,186.78,141.36,143.34,53007
2024-09-18,144.0,147.0,121.38,124.74,40025
2024-09-19,124.2,142.5,116.82,125.34,53478
2024-09-20,126.84,139.2,118.2,121.08,34210
2024-09-23,123.0,128.52,114.24,119.04,34346
2024-09-24,138.0,147.0,124.38,129.72,156378
2024-09-25,162.36,169.5,141.0,162.0,236106
2024-09-26,150.0,159.0,138.0,143.4,52022
2024-09-27,144.0,147.72,132.6,139.38,41342
2024-09-30,144.0,159.66,142.8,151.62,75805
2024-10-01,167.82,178.5,141.6,152.4,98717
2024-10-02,164.4,186.0,157.74,186.0,98006
2024-10-03,215.7,252.0,201.0,210.6,268137
2024-10-04,196.2,210.474,168.0,191.58,69960
2024-10-07,196.8,196.8,165.3,172.08,53127
2024-10-08,162.0,163.74,142.8,146.82,49398
2024-10-09,134.1,153.0,128.4,151.2,63213
2024-10-10,152.04,262.2,151.8,224.76,337898
2024-10-11,211.2,246.6,180.12,203.7,91015
2024-10-14,194.94,246.0,187.08,223.8,98553
2024-10-15,216.0,242.76,198.0,203.7,65902
2024-10-16,206.76,211.8,184.14,194.88,29462
2024-10-17,187.14,190.92,172.5,180.96,24246
2024-10-18,179.94,201.6,174.0,181.8,28401
2024-10-21,197.82,197.88,181.26,184.86,18390
2024-10-22,184.5,193.2,181.44,190.2,19000
2024-10-23,178.86,185.4,174.0,175.44,26714
2024-10-24,155.4,162.0,145.86,151.38,28409
2024-10-25,145.5,156.24,135.36,139.14,24890
2024-10-28,139.8,152.64,136.32,143.76,20196
2024-10-29,144.42,144.54,132.66,135.0,17045
2024-10-30,135.0,138.3,126.0,127.86,15793
2024-10-31,127.86,128.76,120.3,123.6,14304
2024-11-01,123.6,140.94,123.48,133.08,30458
2024-11-04,134.1,134.1,124.02,127.26,10860
2024-11-05,129.0,130.8,123.42,124.02,10099
2024-11-06,123.0,123.12,117.6,120.6,15670
2024-11-07,124.26,133.2,121.5,126.3,19425
2024-11-08,127.8,130.68,123.3,126.6,11932
2024-11-11,127.5,128.22,120.9,126.0,15285
2024-11-12,124.74,124.8,120.12,120.42,10815
2024-11-13,120.18,121.5,109.44,115.2,18925
2024-11-14,115.2,120.0,114.06,114.6,9941
2024-11-15,119.76,119.76,108.84,114.18,13061
2024-11-18,111.3,115.14,105.9,107.52,10631
2024-11-19,106.32,107.46,98.64,100.32,16262
2024-11-20,100.8,108.78,99.42,101.04,13571
2024-11-21,100.26,103.86,99.9,101.22,8874
2024-11-22,102.0,136.02,98.58,123.0,71287
2024-11-25,123.0,135.54,116.34,116.46,38979
2024-11-26,115.2,116.88,103.8,106.68,17047
2024-11-27,106.86,110.58,102.3,102.6,14070
2024-11-29,102.6,110.58,102.6,104.16,13389
2024-12-02,106.32,146.28,106.26,139.2,122059
2024-12-03,124.92,127.62,109.8,113.52,30198
2024-12-04,114.0,121.02,108.0,110.22,21156
2024-12-06,108.96,117.0,101.4,102.6,32639
2024-12-10,101.82,101.82,89.4,90.84,30112
2024-12-11,90.84,91.98,81.0,81.12,29935
2024-12-12,87.18,89.4,72.0,77.4,24660
2024-12-13,77.7,115.2,70.5,70.5,299024
2024-12-16,67.2,68.397,56.4,66.6,69032
2024-12-17,67.2,67.83,58.95,62.4,55563
2024-12-18,63.0,63.0,52.5,54.6,90538
2024-12-19,59.1,66.297,55.8,59.1,92468
2024-12-20,57.3,58.2,53.1,54.3,43811
2024-12-23,57.3,58.008,52.5,54.0,49175
2024-12-24,53.7,55.2,50.7,52.5,27468
2024-12-26,53.1,85.8,49.668,85.5,338735
2024-12-27,81.9,94.5,73.2,88.5,150676
2024-12-30,103.2,124.2,90.3,122.1,301984
2024-12-31,207.0,230.7,103.5,112.8,1145661
2025-01-02,140.1,145.2,102.6,106.8,357665
2025-01-03,103.2,103.2,85.5,88.5,169533
2025-01-06,87.9,89.4,76.2,79.5,136082
2025-01-07,76.8,86.4,69.0,75.3,106969
2025-01-08,67.5,69.6,61.2,63.3,90380
2025-01-10,66.9,69.6,60.6,61.5,66056
2025-01-13,60.0,63.0,55.2,57.9,58177
2025-01-14,59.1,60.297,53.7,54.9,47126
2025-01-15,55.5,57.6,52.5,52.8,52817
2025-01-16,53.1,56.7,50.1,51.0,93621
2025-01-17,50.7,53.4,49.497,51.3,61833
2025-01-21,50.7,50.85,46.8,47.4,49361
2025-01-22,47.1,50.397,46.5,48.0,42243
2025-01-23,47.4,48.021,43.2,44.4,46900
2025-01-24,44.7,47.1,44.1,45.6,45116
2025-01-27,67.8,72.3,51.75,54.9,2371986
2025-01-28,55.5,60.9,51.0,58.2,182390
2025-01-29,52.5,57.3,51.9,52.2,93000
2025-01-30,51.0,52.2,45.9,47.4,67442
2025-01-31,47.7,48.9,46.2,46.5,44585
2025-02-03,44.7,44.997,41.55,43.8,57460
2025-02-04,43.5,52.2,43.5,47.4,95719
2025-02-05,46.5,47.61,44.4,45.6,38074
2025-02-06,45.0,45.603,43.5,43.8,36532
2025-02-07,43.5,44.7,41.4,41.4,48136
2025-02-10,42.0,43.5,39.6,39.9,65418
2025-02-11,39.9,40.2,36.6,36.9,55976
2025-02-12,36.0,39.0,35.7,36.6,46120
2025-02-13,37.2,39.0,36.3,38.7,57156
2025-02-14,39.0,39.6,37.2,37.8,35070
2025-02-18,37.8,40.197,37.5,38.4,39609
2025-02-19,38.1,38.55,36.3,36.3,37525
2025-02-20,36.3,37.2,33.3,34.5,693470
2025-02-21,93.903,351.3,79.5,190.8,17688578
2025-02-24,224.85,227.097,120.0,136.8,1838759
2025-02-25,117.0,159.0,115.5,136.5,794423
2025-02-26,135.9,152.7,129.0,130.8,352121
2025-02-27,133.8,172.2,121.5,129.9,772559
2025-02-28,137.1,142.2,123.3,125.1,138179
2025-03-03,123.306,125.4,111.3,115.2,109580
2025-03-04,123.9,125.7,123.153,124.5,6506
2025-03-05,121.5,163.5,120.9,147.0,330317
2025-03-06,139.8,146.4,129.3,133.8,64671
2025-03-07,132.0,144.0,120.6,121.95,61440
2025-03-10,122.4,123.0,107.1,111.0,35032
2025-03-11,127.35,138.6,115.503,120.0,449257
2025-03-12,121.2,130.5,112.5,118.8,78291
2025-03-13,117.0,133.8,116.109,119.1,102984
2025-03-14,128.1,138.0,114.3,121.8,224646
2025-03-17,120.0,132.894,118.2,119.1,81520
2025-03-18,120.6,126.0,109.2,109.8,76417
2025-03-19,111.0,112.5,103.8,107.1,55607
2025-03-20,103.5,105.0,90.45,93.6,69943
2025-03-21,93.3,93.9,62.1,75.6,156204
2025-03-24,120.6,460.182,114.75,419.7,10115375
2025-03-25,340.5,590.697,270.0,357.9,2586993
2025-03-26,382.8,416.4,319.5,355.8,1027480
2025-03-27,338.4,622.2,327.0,478.2,2547170
2025-03-28,486.6,600.0,446.1,520.5,1421293
2025-03-31,558.0,903.0,551.7,727.5,1681372
2025-04-01,966.45,972.0,516.639,678.0,874057
2025-04-02,583.8,626.4,519.3,540.0,255551
2025-04-03,465.15,623.883,462.0,553.5,323591
2025-04-04,520.2,687.0,480.0,556.8,378789
2025-04-07,568.35,651.0,543.0,620.1,155494
2025-04-08,675.468,702.0,540.0,564.3,101443
2025-04-09,574.2,591.0,517.503,548.4,59654
2025-04-10,561.0,584.4,465.0,477.3,76688
2025-04-11,483.9,483.9,416.1,420.3,73931
2025-04-14,436.5,442.467,348.0,358.65,82340
2025-04-15,334.5,408.0,312.3,363.3,102633
2025-04-16,351.6,351.789,232.5,250.2,136758
2025-04-17,248.4,265.797,192.6,203.4,124143
2025-04-21,275.55,495.0,261.9,355.8,2605239
2025-04-22,361.2,363.0,289.5,294.9,368422
2025-04-23,294.0,340.5,264.0,277.8,293339
2025-04-24,294.3,296.1,253.5,260.7,196424
2025-04-25,251.7,255.3,230.4,237.6,115167
2025-04-28,312.6,319.5,210.0,213.3,874245
2025-04-29,221.1,222.3,175.2,181.5,347905
2025-04-30,172.5,177.9,150.0,161.4,278153
2025-05-01,159.3,171.0,138.3,146.1,267726
2025-05-02,152.55,155.7,125.4,131.4,335961
2025-05-05,129.306,130.47,111.0,119.4,252027
2025-05-06,111.0,113.682,103.5,105.6,183826
2025-05-07,116.85,117.0,66.3,73.2,1313332
2025-05-08,76.65,92.1,69.3,75.6,1346862
2025-05-09,74.1,74.4,64.8,70.2,472115
2025-05-12,70.8,104.4,70.5,93.9,1534385
2025-05-13,100.2,103.5,68.7,72.9,1197638
2025-05-14,74.7,75.0,58.2,63.0,911820
2025-05-15,61.5,67.2,50.4,53.85,873586
2025-05-16,53.7,55.5,43.5,49.5,1007516
2025-05-19,46.95,49.2,39.0,40.2,1046429
2025-05-20,46.95,50.1,35.1,38.1,2273111
2025-05-21,36.75,49.5,36.3,47.1,1857767
2025-05-22,51.0,65.1,49.5,65.1,3296484
2025-05-23,70.2,78.9,51.3,55.5,3896397
2025-05-27,57.9,61.5,44.4,46.2,1742577
2025-05-28,45.9,49.2,41.4,43.8,1300182
2025-05-29,44.7,52.5,41.4,47.7,1751622
2025-05-30,46.35,49.95,42.0,43.8,1175808
2025-06-02,43.05,43.5,37.5,40.5,1073392
2025-06-03,40.2,42.9,37.5,38.4,1269738
2025-06-04,37.95,38.4,35.4,36.3,1114585
2025-06-05,35.85,39.0,33.6,37.5,1324503
2025-06-06,35.7,37.5,33.6,34.5,1038440
2025-06-09,34.5,36.6,31.8,32.4,1170057
2025-06-10,31.8,33.6,28.8,33.3,1374293
2025-06-11,33.6,37.2,31.2,34.5,1244273
2025-06-12,33.45,34.8,32.7,33.0,358171
2025-06-13,28.125,29.277,25.5,25.803,2039792
2025-06-16,22.626,23.4,18.0,19.002,2986874
2025-06-17,18.261,24.0,16.875,19.8,2844420
2025-06-18,21.0,22.422,20.13,21.6,912400
2025-06-20,21.036,22.29,20.484,21.3,677011
2025-06-23,21.285,21.285,19.05,19.386,525424
2025-06-24,19.746,19.953,16.8,17.403,920435
2025-06-25,17.691,19.35,17.142,18.348,691159
2025-06-26,18.09,18.3,17.646,17.715,314327
2025-06-27,17.451,18.453,16.5,16.818,513791
2025-06-30,16.5,16.725,15.084,15.273,488766
2025-07-01,15.201,16.5,15.03,15.771,459613
2025-07-02,15.9,22.569,15.453,18.6,5226788
2025-07-03,21.057,21.9,18.975,20.46,1603463
2025-07-07,20.952,22.2,17.835,18.294,952516
2025-07-08,17.4,19.539,17.4,18.372,411956
2025-07-09,19.053,25.44,18.72,23.1,4268297
2025-07-10,26.1,26.4,20.7,21.546,1617839
2025-07-11,22.5,22.977,21.414,22.344,504950
2025-07-14,21.171,21.18,18.84,20.1,710618
2025-07-15,19.5,20.676,18.0,19.923,508210
2025-07-16,19.917,20.16,18.9,19.44,463450
2025-07-17,18.3,18.972,17.49,17.784,975619
2025-07-18,16.2,16.53,13.7,14.66,1094679
2025-07-21,14.74,15.3622,13.0946,14.32,1107962
2025-07-22,14.29,15.8,13.67,15.15,897966
2025-07-23,14.71,14.71,14.17263,14.43,142237
2025-07-24,14.01,14.1438,13.41,13.68,480854
2025-07-25,13.2,13.36,12.35,12.49,541824
2025-07-28,12.07,12.25,11.66,11.66,650246
2025-07-29,11.2,11.4,9.8,10.01,1021327
2025-07-30,9.69,9.75,8.7,8.79,831202
2025-07-31,9.02,10.15,8.71,9.22,1075363
2025-08-01,9.27,9.27,8.515,9.11,490004
2025-08-04,8.9,9.8,8.61,9.52,454137
2025-08-05,9.41,9.6,9.036,9.33,221124
2025-08-06,9.23,10.6,8.8,9.24,742199
2025-08-07,8.85,9.46,8.85,8.99,227483
2025-08-08,8.87,9.23,8.83,9.2,208590
2025-08-11,9.19,10.97,9.16,10.5,1129488
2025-08-12,10.4,10.48,9.81,10.15,509854
2025-08-13,10.07,10.75,10.07,10.61,289105
2025-08-14,10.27,10.3099,9.24,9.555,487431
2025-08-15,9.56,9.665,9.2,9.21,190327
2025-08-18,9.2,9.2,8.8,8.88,261912
2025-08-19,8.92,9.31,8.3,8.3,415031
2025-08-20,8.3,8.555,8.13,8.25,264529
2025-08-21,8.39,8.7893,8.17,8.66,265325
2025-08-22,8.51,9.08,8.5001,9.07,231845
2025-08-25,9.05,9.5,8.66,8.7,331699
2025-08-26,8.77,9.06,8.31,8.49,284848
2025-08-27,8.5,9.46,8.4101,8.79,511411
2025-08-28,8.86,9.08,8.76,9.08,199831
2025-08-29,9.0,9.03,8.69,8.69,173473
2025-09-02,8.65,8.89,8.63,8.83,193923
2025-09-03,8.71,8.97,8.45,8.5,206973
2025-09-04,8.49,8.52,7.96,8.01,371913
2025-09-05,8.03,8.1,7.82,8.09,270825
2025-09-08,8.09,8.79,8.06,8.62,288079
2025-09-09,8.44,8.75,8.28,8.54,179402
2025-09-10,8.65,9.6599,8.34,8.37,520807
2025-09-11,8.29,8.82,8.25,8.77,251694
2025-09-12,8.8,9.07,8.57,8.88,222202
2025-09-15,8.88,9.16,8.74,9.14,203951
2025-09-16,9.1,10.8,9.0355,10.01,1349814
2025-09-17,10.16,13.45,10.0563,11.45,3491315
2025-09-18,12.55,13.6,11.77,12.11,2372561
2025-09-19,11.66,12.3,10.66,10.84,978292
2025-09-22,10.51,10.85,10.0,10.62,431301
2025-09-23,11.04,12.5,11.03,11.45,1073993
2025-09-24,11.36,11.7499,10.79,10.92,426076
2025-09-25,10.53,10.654,10.06,10.48,284169
2025-09-26,10.32,10.6,10.1084,10.43,196285
2025-09-29,10.35,11.33,10.17,10.22,471319
2025-09-30,10.18,10.2,9.02,9.15,549342
2025-10-01,9.16,9.71,9.06,9.71,299259
2025-10-02,9.79,10.4,9.68,10.38,230792
2025-10-03,10.35,10.74,10.05,10.34,328021
2025-10-06,10.495,11.2,10.4,10.97,342484
2025-10-07,11.06,11.47,10.51,10.92,319669
2025-10-08,10.7,10.9128,10.41,10.46,194833
2025-10-09,10.3,10.4725,10.1,10.23,222552
2025-10-10,10.2,10.4,9.5,9.52,356143
2025-10-13,9.6,10.6405,9.6,10.63,297385
2025-10-14,10.33,10.6696,9.9225,10.49,211696
2025-10-15,10.495,10.7499,9.9,10.14,197173
2025-10-16,10.05,10.35,9.46,9.51,200696
2025-10-17,9.49,9.49,9.1997,9.22,190973
2025-10-20,9.4,9.55,9.24,9.43,122157
2025-10-21,9.43,9.74,9.21,9.62,173303
2025-10-22,9.31,9.31,8.67,8.89,266804
2025-10-23,8.99,9.7,8.87,9.56,206920
2025-10-24,9.54,9.88,9.26,9.38,203446
2025-10-27,9.62,9.9899,9.5,9.67,172790
2025-10-28,9.52,9.55,9.127,9.23,106888
2025-10-29,9.25,9.255,8.83,8.88,126312
2025-10-30,8.79,9.0,8.69,8.98,81555
2025-10-31,8.92,9.92,8.9,9.76,255078
2025-11-03,9.67,9.6958,9.0,9.02,137317
2025-11-04,8.86,9.2299,8.68,8.87,245926
2025-11-05,8.99,9.2,8.87,9.11,94349
2025-11-06,9.11,9.11,8.707,8.81,89454
2025-11-07,8.7,8.75,8.1,8.43,187212
2025-11-10,8.46,8.8,8.456,8.75,151592
2025-11-11,8.67,8.73,8.35,8.4,131605
2025-11-12,8.49,8.7,8.1801,8.35,136507
2025-11-13,8.25,8.4,7.42,7.49,317791
2025-11-14,7.18,7.25,6.4134,6.73,367198
2025-11-17,6.79,7.0,6.3801,6.51,238998
2025-11-18,6.43,7.0,6.37,6.8,175702
2025-11-19,6.82,6.86,6.51,6.64,108374
2025-11-20,6.72,7.06,6.015,6.05,259055
2025-11-21,6.09,6.36,5.995,6.25,178479
2025-11-24,6.27,6.67,6.26,6.54,114780
2025-11-25,6.6,6.7,6.2,6.68,83612
2025-11-26,6.7,6.885,6.65,6.82,79199
2025-11-28,6.84,6.95,6.72,6.82,53136
2025-12-01,6.79,6.83,6.3701,6.4,78990
2025-12-02,6.4,6.6146,6.3297,6.5,90047
2025-12-03,6.46,6.4893,6.2,6.42,77180
2025-12-04,6.41,6.9491,6.41,6.9,136063
2025-12-05,6.9,6.9199,6.5,6.51,68237
2025-12-08,6.56,6.99,6.502,6.98,123041
2025-12-09,6.92,7.3,6.603,7.08,122648
2025-12-10,7.13,7.45,6.89,7.37,87954
2025-12-11,7.35,7.35,6.8785,6.93,101951
2025-12-12,6.95,7.22,6.74,6.83,90700
2025-12-15,6.79,6.79,6.49,6.56,92570
2025-12-16,6.44,6.772,6.44,6.71,57519
2025-12-17,6.72,6.7988,6.54,6.55,61819
2025-12-18,6.55,6.76,6.42,6.51,91840
2025-12-19,6.45,6.63,6.36,6.39,63244
2025-12-22,6.4,7.0515,6.3112,6.55,203266
2025-12-23,6.5,6.5,6.05,6.09,118677
2025-12-24,6.11,6.25,5.9801,6.14,69344
2025-12-26,6.12,6.12,5.66,5.69,190377
2025-12-29,5.56,5.74,5.014,5.04,368538
2025-12-30,5.06,5.255,4.96,4.99,195464
2025-12-31,4.97,4.97,4.3,4.42,352196
2026-01-02,4.54,5.26,4.5,5.12,301215
2026-01-05,5.1,5.5387,5.0346,5.26,275155
2026-01-06,5.26,5.26,5.0,5.19,123257
2026-01-07,5.15,5.75,5.1,5.47,222676
2026-01-08,5.5,5.5898,5.269176,5.28,115718
2026-01-09,5.27,5.43,5.04,5.36,121579
2026-01-12,5.32,5.58,5.2,5.51,118882
2026-01-13,5.52,5.5601,5.21,5.32,110799
2026-01-14,5.21,5.507,5.19,5.31,95814
2026-01-15,5.32,6.3786,5.28,6.06,517627
2026-01-16,5.95,6.31,5.72,5.76,205274
2026-01-20,5.6,5.605,5.155,5.25,197392
2026-01-21,5.38,5.4789,5.115,5.23,135762
2026-01-22,5.25,6.11,5.25,5.73,293519
2026-01-23,5.7,5.8233,5.43,5.54,109253
2026-01-26,5.44,5.5378,5.18,5.24,159187
2026-01-27,5.33,5.4201,5.2,5.34,90210
2026-01-28,5.4,5.46,5.12,5.2,112798
2026-01-29,5.21,5.328,4.8215,4.94,168903
2026-01-30,4.85,4.95,4.57,4.59,160460
2026-02-02,4.5,4.6381,4.317,4.42,151079
2026-02-03,4.45,4.65,4.18,4.21,181887
2026-02-04,4.21,4.3925,4.1,4.28,102896
2026-02-05,4.26,4.26,3.7,3.72,179165
2026-02-06,3.81,4.1599,3.8,4.09,147576
2026-02-09,4.02,4.29,4.02,4.11,99053
2026-02-10,4.1,4.8309,4.1,4.61,264148
2026-02-11,4.5,4.5,4.07,4.13,155158
2026-02-12,4.13,4.13,3.8,3.875,151648
2026-02-13,3.9,4.14,3.8923,3.97,94109
2026-02-17,3.89,3.9239,3.65,3.68,243590
2026-02-18,3.68,3.88,3.56,3.57,179417
2026-02-19,3.56,3.744,3.5,3.72,98508
2026-02-20,3.66,3.845,3.65,3.71,112595
2026-02-23,3.61,3.683,3.47,3.48,132705
2026-02-24,3.44,3.56,3.35,3.49,137426
2026-02-25,3.56,3.78,3.5,3.65,138920
2026-02-26,3.63,3.87,3.6,3.84,88833
2026-02-27,3.71,3.78,3.54,3.57,66421
2026-03-02,3.43,3.525,3.39,3.51,68564
2026-03-03,3.4,3.5099,3.295,3.47,77714
2026-03-04,3.5438,3.71,3.47,3.5,89286
2026-03-05,3.45,4.0977,3.45,3.96,221774
2026-03-06,3.86,3.865,3.6,3.72,64477
2026-03-09,3.53,3.7931,3.5,3.69,110496
2026-03-10,3.66,4.3262,3.66,3.99,206426
2026-03-11,4.01,4.35,3.9501,4.22,157419
2026-03-12,4.13,4.5258,3.94,3.97,192133
2026-03-13,3.9,4.0558,3.755,3.88,61766
2026-03-16,3.83,4.1,3.83,3.89,112658
2026-03-17,3.85,4.01,3.77,3.89,95153
2026-03-18,3.88,3.88,3.65,3.67,139055
2026-03-19,3.59,3.725,3.453,3.61,89846
2026-03-20,3.57,3.58,3.31,3.35,90683
